0.015396919421630071
0.01568445215356357
0.017532626267465122
0.01925676808698662
0.020984261566285536
0.022931732516583616
0.025176926915147793
0.026797825083955423
0.025416721988195393
0.023809272223728323
0.05222033155662649
0.022119837311060882
0.023455499835632936
0.024720934124494887
0.02728782521384529
0.031024811011286176
0.03401286268874282
0.03724968896388439
0.03609593490237231
0.034204168328748834
0.032474858061907017
0.030594096626618127
0.028513989744380498
0.026511952519949058
0.025263579327898033
0.025907077122547667
0.02606955431194476
0.0258956752145198
0.025239209315684626
0.02461903740247662
0.0
0.02569619403057073
0.024724337990810898
0.024060855533189346
0.023462234479110933
0.02234353188760759
0.0204183113640562
0.018535127545376773
0.017685299068915177
0.016605678292199662
